,날짜,Area,확진자수,사망자수,전일대비증감수,격리해제수,격리중환자수,지역발생수,해외유입수
0,2021-09-30,제주,2875,2,15,2777,96,15,0
1,2021-09-30,경남,11461,37,68,10815,609,68,0
2,2021-09-30,경북,8323,91,52,7630,602,52,0
3,2021-09-30,전남,3084,21,24,2837,226,24,0
4,2021-09-30,전북,4515,61,35,4005,449,35,0
5,2021-09-30,충남,9133,56,60,7975,1102,55,5
6,2021-09-30,충북,6345,77,61,5681,587,61,0
7,2021-09-30,강원,6437,62,32,5979,396,32,0
8,2021-09-30,경기,90130,803,884,78032,11295,879,5
9,2021-09-30,세종,1239,1,14,1146,92,14,0
10,2021-09-30,울산,5165,52,27,4880,233,27,0
11,2021-09-30,대전,6985,46,36,6322,617,35,1
12,2021-09-30,광주,4989,29,32,4617,343,31,1
13,2021-09-30,인천,15802,88,148,13478,2236,148,0
14,2021-09-30,대구,15499,242,73,14221,1036,73,0
15,2021-09-30,부산,12721,155,49,12065,501,49,0
16,2021-09-30,서울,100495,643,945,85901,13951,941,4
